;   
;  IMD Data
;   
;  Saved on Thu Jan 29 03:18:13 2026
;   
;  Structure: 
;   
;  Pt substrate
;   
;  
;   
;  Theta=0.200 deg
;   
;  E [keV] 	R
      0.10000000       0.99289686
      0.50303030       0.95955011
      0.90606061       0.95876300
       1.3090909       0.95971126
       1.7121212       0.95726319
       2.1151515       0.67234123
       2.5181818       0.88607883
       2.9212121       0.89331746
       3.3242424       0.89488810
       3.7272727       0.90438304
       4.1303030       0.90970639
       4.5333333       0.91379543
       4.9363636       0.91711816
       5.3393939       0.91992498
       5.7424242       0.92234732
       6.1454545       0.92443310
       6.5484848       0.92626161
       6.9515152       0.92787123
       7.3545455       0.92926737
       7.7575758       0.93049411
       8.1606061       0.93156129
       8.5636364       0.93246409
       8.9666667       0.93319203
       9.3696970       0.93377123
       9.7727273       0.93415785
       10.175758       0.93455457
       10.578788       0.93471279
       10.981818       0.93416895
       11.384848       0.93110979
       11.787879       0.83602488
       12.190909       0.84519557
       12.593939       0.84869904
       12.996970       0.84896517
       13.400000       0.78881329
       13.803030       0.79576821
       14.206061       0.78706559
       14.609091       0.79035439
       15.012121       0.79198022
       15.415152       0.79287334
       15.818182       0.79325093
       16.221212       0.79301569
       16.624242       0.79242677
       17.027273       0.79143168
       17.430303       0.79008226
       17.833333       0.78813056
       18.236364       0.78576311
       18.639394       0.78274782
       19.042424       0.77925057
       19.445455       0.77520890
       19.848485       0.76980193
       20.251515       0.76382553
       20.654545       0.75634061
       21.057576       0.74750700
       21.460606       0.73617348
       21.863636       0.72233702
       22.266667       0.70516744
       22.669697       0.68239504
       23.072727       0.65101940
       23.475758       0.60559065
       23.878788       0.54050090
       24.281818       0.45841619
       24.684848       0.37385733
       25.087879       0.30600562
       25.490909       0.25330347
       25.893939       0.21395712
       26.296970       0.18274569
       26.700000       0.15841590
       27.103030       0.13925159
       27.506061       0.12259828
       27.909091       0.10899301
       28.312121      0.097861432
       28.715152      0.088070152
       29.118182      0.079507985
       29.521212      0.072332931
       29.924242      0.065871512
       30.327273      0.059943239
       30.730303      0.054901582
       31.133333      0.050336373
       31.536364      0.046362262
       31.939394      0.042863243
       32.342424      0.039870584
       32.745455      0.036819710
       33.148485      0.034357129
       33.551515      0.032109398
       33.954545      0.029958398
       34.357576      0.028083639
       34.760606      0.026277506
       35.163636      0.024566100
       35.566667      0.023094612
       35.969697      0.021758793
       36.372727      0.020494050
       36.775758      0.019339067
       37.178788      0.018257229
       37.581818      0.017223067
       37.984848      0.016233689
       38.387879      0.015411490
       38.790909      0.014626087
       39.193939      0.013871284
       39.596970      0.013145951
       40.000000      0.012449122
