;   
;  IMD Data
;   
;  Saved on Thu Jan 29 03:26:18 2026
;   
;  Structure: 
;   
;  a-C layer (1), z=20.00 A
;  Pt substrate
;   
;  
;   
;  Theta=0.200 deg
;   
;  E [keV] 	R
      0.10000000       0.99410424
      0.50303030       0.96565847
      0.90606061       0.96685486
       1.3090909       0.96834362
       1.7121212       0.96719035
       2.1151515       0.78846668
       2.5181818       0.91385974
       2.9212121       0.91879765
       3.3242424       0.91975805
       3.7272727       0.92682574
       4.1303030       0.93081991
       4.5333333       0.93387212
       4.9363636       0.93634227
       5.3393939       0.93840734
       5.7424242       0.94017321
       6.1454545       0.94166196
       6.5484848       0.94296047
       6.9515152       0.94407191
       7.3545455       0.94501285
       7.7575758       0.94580746
       8.1606061       0.94648001
       8.5636364       0.94701216
       8.9666667       0.94740162
       9.3696970       0.94766643
       9.7727273       0.94776109
       10.175758       0.94786105
       10.578788       0.94776736
       10.981818       0.94707915
       11.384848       0.94438256
       11.787879       0.86576329
       12.190909       0.87264269
       12.593939       0.87485193
       12.996970       0.87434023
       13.400000       0.82222900
       13.803030       0.82719723
       14.206061       0.81866532
       14.609091       0.82047754
       15.012121       0.82085941
       15.415152       0.82047523
       15.818182       0.81967870
       16.221212       0.81833493
       16.624242       0.81655744
       17.027273       0.81446093
       17.430303       0.81194472
       17.833333       0.80886067
       18.236364       0.80526495
       18.639394       0.80109699
       19.042424       0.79636744
       19.445455       0.79100780
       19.848485       0.78420105
       20.251515       0.77679315
       20.654545       0.76775586
       21.057576       0.75729324
       21.460606       0.74406746
       21.863636       0.72824982
       22.266667       0.70884618
       22.669697       0.68347973
       23.072727       0.64902549
       23.475758       0.59978423
       23.878788       0.53020817
       24.281818       0.44363567
       24.684848       0.35576817
       25.087879       0.28647355
       25.490909       0.23328992
       25.893939       0.19404787
       26.296970       0.16328942
       26.700000       0.13976823
       27.103030       0.12135457
       27.506061       0.10532031
       27.909091      0.092381139
       28.312121      0.081989238
       28.715152      0.072945747
       29.118182      0.065122960
       29.521212      0.058641552
       29.924242      0.052675943
       30.327273      0.047373091
       30.730303      0.042944465
       31.133333      0.038924200
       31.536364      0.035447048
       31.939394      0.032398188
       32.342424      0.029819901
       32.745455      0.027246730
       33.148485      0.025191795
       33.551515      0.023323819
       33.954545      0.021565264
       34.357576      0.020073774
       34.760606      0.018576528
       35.163636      0.017132813
       35.566667      0.015974938
       35.969697      0.014972427
       36.372727      0.014001962
       36.775758      0.013118117
       37.178788      0.012269780
       37.581818      0.011432677
       37.984848      0.010639249
       38.387879      0.010050638
       38.790909     0.0094957444
       39.193939     0.0089404221
       39.596970     0.0083838034
       40.000000     0.0078538906
