;   
;  IMD Data
;   
;  Saved on Thu Jan 29 03:40:10 2026
;   
;  Structure: 
;   
;  a-C layer (1), z=70.00 A
;  Pt layer (2), z=30.00 A
;  a-C layer (3), z=70.00 A
;  Pt layer (4), z=30.00 A
;  a-C layer (5), z=70.00 A
;  Pt layer (6), z=30.00 A
;  a-C layer (7), z=70.00 A
;  Pt layer (8), z=30.00 A
;  Ni substrate
;   
;  
;   
;  Theta=0.600 deg
;   
;  E [keV] 	R
      0.10000000       0.98593782
      0.50303030       0.90438539
      0.90606061       0.92326356
       1.3090909       0.93183459
       1.7121212       0.93230623
       2.1151515       0.74553934
       2.5181818       0.83834307
       2.9212121       0.82391062
       3.3242424       0.79235462
       3.7272727       0.76151296
       4.1303030       0.69562380
       4.5333333       0.55458031
       4.9363636       0.35127626
       5.3393939       0.11936595
       5.7424242       0.33595694
       6.1454545      0.041860702
       6.5484848       0.63659136
       6.9515152       0.76753070
       7.3545455       0.74684938
       7.7575758       0.69793311
       8.1606061       0.60302798
       8.5636364       0.37557652
       8.9666667      0.061673613
       9.3696970      0.091757750
       9.7727273      0.060858649
       10.175758      0.013330111
       10.578788      0.061353475
       10.981818      0.045314896
       11.384848     0.0061353579
       11.787879      0.093105709
       12.190909       0.22919888
       12.593939       0.28784266
       12.996970       0.24780699
       13.400000       0.11954764
       13.803030      0.042565217
       14.206061     0.0046397812
       14.609091     0.0065444907
       15.012121      0.011717722
       15.415152     0.0050307968
       15.818182     0.0013739289
       16.221212     0.0049767142
       16.624242     0.0048819440
       17.027273     0.0014509139
       17.430303     0.0059456314
       17.833333      0.017587151
       18.236364      0.023499131
       18.639394      0.018322764
       19.042424     0.0088220123
       19.445455     0.0024679622
       19.848485    0.00035947636
       20.251515    0.00013178885
       20.654545    0.00020361795
       21.057576    0.00025295832
       21.460606    0.00026242369
       21.863636    0.00020313494
       22.266667   9.3730610e-005
       22.669697    0.00011810307
       23.072727    0.00080639921
       23.475758     0.0028092745
       23.878788     0.0057676044
       24.281818     0.0075311614
       24.684848     0.0061639139
       25.087879     0.0027170724
       25.490909    0.00039956327
       25.893939    0.00041587010
       26.296970    0.00085615191
       26.700000    0.00039147751
       27.103030    0.00013281924
       27.506061    0.00078592661
       27.909091     0.0010023268
       28.312121    0.00019155193
       28.715152    0.00060213996
       29.118182     0.0044803377
       29.521212      0.010272846
       29.924242      0.013510291
       30.327273      0.011635148
       30.730303     0.0063088195
       31.133333     0.0016175272
       31.536364   3.4644058e-005
       31.939394    0.00044362980
       32.342424    0.00063748024
       32.745455    0.00020245911
       33.148485   8.1629684e-005
       33.551515    0.00037448135
       33.954545    0.00033433111
       34.357576   5.4914797e-005
       34.760606    0.00050134463
       35.163636     0.0018146096
       35.566667     0.0028911388
       35.969697     0.0027867296
       36.372727     0.0017439460
       36.775758    0.00067143124
       37.178788    0.00011206543
       37.581818   6.4303287e-006
       37.984848   5.4857724e-005
       38.387879   6.7539041e-005
       38.790909   2.9755643e-005
       39.193939   2.5291431e-006
       39.596970   8.2973283e-006
       40.000000   2.2280296e-005
