;   
;  IMD Data
;   
;  Saved on Thu Jan 29 03:39:58 2026
;   
;  Structure: 
;   
;  a-C layer (1), z=70.00 A
;  Pt layer (2), z=30.00 A
;  a-C layer (3), z=70.00 A
;  Pt layer (4), z=30.00 A
;  a-C layer (5), z=70.00 A
;  Pt layer (6), z=30.00 A
;  a-C layer (7), z=70.00 A
;  Pt layer (8), z=30.00 A
;  Ni substrate
;   
;  
;   
;  Theta=0.400 deg
;   
;  E [keV] 	R
      0.10000000       0.99060652
      0.50303030       0.93553065
      0.90606061       0.94915902
       1.3090909       0.95612325
       1.7121212       0.95848416
       2.1151515       0.88239226
       2.5181818       0.91423979
       2.9212121       0.91446155
       3.3242424       0.90990614
       3.7272727       0.91054657
       4.1303030       0.90676348
       4.5333333       0.90009304
       4.9363636       0.89013852
       5.3393939       0.87566858
       5.7424242       0.85428062
       6.1454545       0.82010084
       6.5484848       0.75676299
       6.9515152       0.59098493
       7.3545455       0.33859193
       7.7575758       0.34582713
       8.1606061       0.11650554
       8.5636364       0.43044296
       8.9666667       0.27341131
       9.3696970      0.093977908
       9.7727273       0.69520890
       10.175758       0.82238464
       10.578788       0.83530241
       10.981818       0.82016121
       11.384848       0.77662475
       11.787879       0.54882353
       12.190909       0.49656676
       12.593939       0.38286032
       12.996970       0.20062762
       13.400000      0.062096577
       13.803030      0.062975869
       14.206061      0.079395893
       14.609091      0.064492385
       15.012121      0.030829662
       15.415152      0.023224357
       15.818182      0.049016943
       16.221212      0.065515353
       16.624242      0.045500757
       17.027273      0.012890028
       17.430303      0.032864180
       17.833333       0.13461992
       18.236364       0.25581587
       18.639394       0.33290347
       19.042424       0.35569303
       19.445455       0.33310434
       19.848485       0.27355253
       20.251515       0.18885841
       20.654545      0.097487976
       21.057576      0.029382397
       21.460606     0.0024638264
       21.863636     0.0056480074
       22.266667      0.013919392
       22.669697      0.013901242
       23.072727     0.0071907331
       23.475758     0.0016817138
       23.878788     0.0019183469
       24.281818     0.0053287545
       24.684848     0.0067137062
       25.087879     0.0043307451
       25.490909     0.0013918563
       25.893939     0.0026355625
       26.296970     0.0094981825
       26.700000      0.018815372
       27.103030      0.025452061
       27.506061      0.026117972
       27.909091      0.021538032
       28.312121      0.014510448
       28.715152     0.0078581007
       29.118182     0.0033359889
       29.521212     0.0010720107
       29.924242    0.00027868056
       30.327273    0.00013998657
       30.730303    0.00018586915
       31.133333    0.00024471952
       31.536364    0.00028630063
       31.939394    0.00030200500
       32.342424    0.00028122665
       32.745455    0.00022835217
       33.148485    0.00015144009
       33.551515   8.6142453e-005
       33.954545    0.00012258214
       34.357576    0.00043707159
       34.760606     0.0012672365
       35.163636     0.0027505664
       35.566667     0.0047759429
       35.969697     0.0067780247
       36.372727     0.0078680872
       36.775758     0.0074378988
       37.178788     0.0055540238
       37.581818     0.0030549316
       37.984848     0.0010434881
       38.387879    0.00020383530
       38.790909    0.00036712893
       39.193939    0.00078937993
       39.596970    0.00082206333
       40.000000    0.00043858892
